%% Parameters for Three-Phase PMSM Traction Drive Example

% This example shows how to control the rotor speed in a permanent magnet 
% synchronous machine (PMSM) based electrical-traction drive. A 
% high-voltage battery feeds the FEM-Parameterized PMSM block through 
% a controlled three-phase converter. A Rotational Friction block
% provides the load. The position and speed information are obtained
% by using a high-fidelity resolver. The PMSM controller subsystem 
% includes a cascade control structure which has an outer speed-control 
% loop and two inner current-control loops. During the 0.25 seconds 
% simulation, the rotor speed demand is ramped-up from 0 to 1000 rpm.

% Copyright 2018-2020 The MathWorks, Inc.

%% Machine Parameters
Pmax = 35000;      % Maximum power                      [W]   # 정격 power와는 다르다.
Tmax = 200;        % Maximum torque                     [N*m]
Ld   = 0.00024368; % Stator d-axis inductance           [H]
Lq   = 0.00029758; % Stator q-axis inductance           [H]
L0   = 0.00012184; % Stator zero-sequence inductance    [H]
Rs   = 0.010087;   % Stator resistance per phase        [Ohm]
psim = 0.044;      % Permanent magnet flux linkage      [Wb]
p    = 8;          % Number of pole pairs
Jm   = 0.1234;     % Rotor inertia                      [Kg*m^2]

% Stator current in q-axis
iqVec=[-425 -400 -375 -350 -325 -300 -275 -250 -225 -200 -175 -150 -125 -100 -75 -50 -25 0 25	50	75 100	125	150	175	200	225	250	275	300	325	350	375	400	425	]; % A peak
% Stator current in d-axis
idVec=[-250 -225 -200 -175 -150 -125 -100 -75 -50 -25 0 25 50 75 100 125 150 175 200 225 250]; % A peak
%-------------------------------------------------------------------------------------------------
% Permanent magnet flux linkage
PmMatrix=[ 0.0363 0.03709 0.0383 0.03951 0.04056 0.04161 0.04233 0.04305 0.043475 0.0439 0.04404 0.04418 0.044285 0.04439 0.04408 0.04385 0.04376	0.04366	0.04376	0.04385	0.04408	0.04439	0.044285 0.04418 0.04404 0.0439	0.043475 0.04305 0.04233 0.04161 0.04056 0.03951 0.0383	0.03709	0.0363;
        0.0363 0.03709 0.0383 0.03951 0.04056 0.04161 0.04233 0.04305 0.043475 0.0439 0.04404 0.04418 0.044285 0.04439 0.04408 0.04385 0.04376	0.04366	0.04376	0.04385	0.04408	0.04439	0.044285 0.04418 0.04404 0.0439	0.043475 0.04305 0.04233 0.04161 0.04056 0.03951 0.0383	0.03709	0.0363;
        0.0363 0.03709 0.0383 0.03951 0.04056 0.04161 0.04233 0.04305 0.043475 0.0439 0.04404 0.04418 0.044285 0.04439 0.04408 0.04385 0.04376	0.04366	0.04376	0.04385	0.04408	0.04439	0.044285 0.04418 0.04404 0.0439	0.043475 0.04305 0.04233 0.04161 0.04056 0.03951 0.0383	0.03709	0.0363;
        0.0363 0.03709 0.0383 0.03951 0.04056 0.04161 0.04233 0.04305 0.043475 0.0439 0.04404 0.04418 0.044285 0.04439 0.04408 0.04385 0.04376	0.04366	0.04376	0.04385	0.04408	0.04439	0.044285 0.04418 0.04404 0.0439	0.043475 0.04305 0.04233 0.04161 0.04056 0.03951 0.0383	0.03709	0.0363;
        0.0363 0.03709 0.0383 0.03951 0.04056 0.04161 0.04233 0.04305 0.043475 0.0439 0.04404 0.04418 0.044285 0.04439 0.04408 0.04385 0.04376	0.04366	0.04376	0.04385	0.04408	0.04439	0.044285 0.04418 0.04404 0.0439	0.043475 0.04305 0.04233 0.04161 0.04056 0.03951 0.0383	0.03709	0.0363;
        0.0363 0.03709 0.0383 0.03951 0.04056 0.04161 0.04233 0.04305 0.043475 0.0439 0.04404 0.04418 0.044285 0.04439 0.04408 0.04385 0.04376	0.04366	0.04376	0.04385	0.04408	0.04439	0.044285 0.04418 0.04404 0.0439	0.043475 0.04305 0.04233 0.04161 0.04056 0.03951 0.0383	0.03709	0.0363;
        0.0363 0.03709 0.0383 0.03951 0.04056 0.04161 0.04233 0.04305 0.043475 0.0439 0.04404 0.04418 0.044285 0.04439 0.04408 0.04385 0.04376	0.04366	0.04376	0.04385	0.04408	0.04439	0.044285 0.04418 0.04404 0.0439	0.043475 0.04305 0.04233 0.04161 0.04056 0.03951 0.0383	0.03709	0.0363;
        0.0363 0.03709 0.0383 0.03951 0.04056 0.04161 0.04233 0.04305 0.043475 0.0439 0.04404 0.04418 0.044285 0.04439 0.04408 0.04385 0.04376	0.04366	0.04376	0.04385	0.04408	0.04439	0.044285 0.04418 0.04404 0.0439	0.043475 0.04305 0.04233 0.04161 0.04056 0.03951 0.0383	0.03709	0.0363;
        0.0363 0.03709 0.0383 0.03951 0.04056 0.04161 0.04233 0.04305 0.043475 0.0439 0.04404 0.04418 0.044285 0.04439 0.04408 0.04385 0.04376	0.04366	0.04376	0.04385	0.04408	0.04439	0.044285 0.04418 0.04404 0.0439	0.043475 0.04305 0.04233 0.04161 0.04056 0.03951 0.0383	0.03709	0.0363;
        0.0363 0.03709 0.0383 0.03951 0.04056 0.04161 0.04233 0.04305 0.043475 0.0439 0.04404 0.04418 0.044285 0.04439 0.04408 0.04385 0.04376	0.04366	0.04376	0.04385	0.04408	0.04439	0.044285 0.04418 0.04404 0.0439	0.043475 0.04305 0.04233 0.04161 0.04056 0.03951 0.0383	0.03709	0.0363;
        0.0363 0.03709 0.0383 0.03951 0.04056 0.04161 0.04233 0.04305 0.043475 0.0439 0.04404 0.04418 0.044285 0.04439 0.04408 0.04385 0.04376	0.04366	0.04376	0.04385	0.04408	0.04439	0.044285 0.04418 0.04404 0.0439	0.043475 0.04305 0.04233 0.04161 0.04056 0.03951 0.0383	0.03709	0.0363;
        0.0363 0.03709 0.0383 0.03951 0.04056 0.04161 0.04233 0.04305 0.043475 0.0439 0.04404 0.04418 0.044285 0.04439 0.04408 0.04385 0.04376	0.04366	0.04376	0.04385	0.04408	0.04439	0.044285 0.04418 0.04404 0.0439	0.043475 0.04305 0.04233 0.04161 0.04056 0.03951 0.0383	0.03709	0.0363;
        0.0363 0.03709 0.0383 0.03951 0.04056 0.04161 0.04233 0.04305 0.043475 0.0439 0.04404 0.04418 0.044285 0.04439 0.04408 0.04385 0.04376	0.04366	0.04376	0.04385	0.04408	0.04439	0.044285 0.04418 0.04404 0.0439	0.043475 0.04305 0.04233 0.04161 0.04056 0.03951 0.0383	0.03709	0.0363;
        0.0363 0.03709 0.0383 0.03951 0.04056 0.04161 0.04233 0.04305 0.043475 0.0439 0.04404 0.04418 0.044285 0.04439 0.04408 0.04385 0.04376	0.04366	0.04376	0.04385	0.04408	0.04439	0.044285 0.04418 0.04404 0.0439	0.043475 0.04305 0.04233 0.04161 0.04056 0.03951 0.0383	0.03709	0.0363;
        0.0363 0.03709 0.0383 0.03951 0.04056 0.04161 0.04233 0.04305 0.043475 0.0439 0.04404 0.04418 0.044285 0.04439 0.04408 0.04385 0.04376	0.04366	0.04376	0.04385	0.04408	0.04439	0.044285 0.04418 0.04404 0.0439	0.043475 0.04305 0.04233 0.04161 0.04056 0.03951 0.0383	0.03709	0.0363;
        0.0363 0.03709 0.0383 0.03951 0.04056 0.04161 0.04233 0.04305 0.043475 0.0439 0.04404 0.04418 0.044285 0.04439 0.04408 0.04385 0.04376	0.04366	0.04376	0.04385	0.04408	0.04439	0.044285 0.04418 0.04404 0.0439	0.043475 0.04305 0.04233 0.04161 0.04056 0.03951 0.0383	0.03709	0.0363;
        0.0363 0.03709 0.0383 0.03951 0.04056 0.04161 0.04233 0.04305 0.043475 0.0439 0.04404 0.04418 0.044285 0.04439 0.04408 0.04385 0.04376	0.04366	0.04376	0.04385	0.04408	0.04439	0.044285 0.04418 0.04404 0.0439	0.043475 0.04305 0.04233 0.04161 0.04056 0.03951 0.0383	0.03709	0.0363;
        0.0363 0.03709 0.0383 0.03951 0.04056 0.04161 0.04233 0.04305 0.043475 0.0439 0.04404 0.04418 0.044285 0.04439 0.04408 0.04385 0.04376	0.04366	0.04376	0.04385	0.04408	0.04439	0.044285 0.04418 0.04404 0.0439	0.043475 0.04305 0.04233 0.04161 0.04056 0.03951 0.0383	0.03709	0.0363;
        0.0363 0.03709 0.0383 0.03951 0.04056 0.04161 0.04233 0.04305 0.043475 0.0439 0.04404 0.04418 0.044285 0.04439 0.04408 0.04385 0.04376	0.04366	0.04376	0.04385	0.04408	0.04439	0.044285 0.04418 0.04404 0.0439	0.043475 0.04305 0.04233 0.04161 0.04056 0.03951 0.0383	0.03709	0.0363;
        0.0363 0.03709 0.0383 0.03951 0.04056 0.04161 0.04233 0.04305 0.043475 0.0439 0.04404 0.04418 0.044285 0.04439 0.04408 0.04385 0.04376	0.04366	0.04376	0.04385	0.04408	0.04439	0.044285 0.04418 0.04404 0.0439	0.043475 0.04305 0.04233 0.04161 0.04056 0.03951 0.0383	0.03709	0.0363;
        0.0363 0.03709 0.0383 0.03951 0.04056 0.04161 0.04233 0.04305 0.043475 0.0439 0.04404 0.04418 0.044285 0.04439 0.04408 0.04385 0.04376	0.04366	0.04376	0.04385	0.04408	0.04439	0.044285 0.04418 0.04404 0.0439	0.043475 0.04305 0.04233 0.04161 0.04056 0.03951 0.0383	0.03709	0.0363;
      ];
%-------------------------------------------------------------------------------------------------
% Stator d-axis inductance
